A= [1 2 3]
A*1.2

B= [ 2 2 2
    3 3 3]

row = [1 1 3]
col = [1;1;2]
row.*col
