data=[    0    0.000            4000               0               0          0.0000;
     1    0.009            4000              22               0          4.8840;
     2    0.018            4000              75               4          4.8840;
     3    0.027            4000             155              17          4.8840;
     4    0.035            4000             254              42          4.8840;
     5    0.044            4000             378              77          4.8840;
     6    0.053            4000             534             118          4.8840;
     7    0.062            4000             728             165          4.8840;
     8    0.071            4000             954             218          4.8840;
     9    0.080            4000            1205             280          4.8840;
    10    0.089            4000            1478             349          4.8840;
    11    0.097            4000            1778             426          4.8840;
    12    0.106            4000            2109             508          4.8840;
    13    0.115            4000            2470             596          4.8840;
    14    0.124            4000            2856             691          4.8840;
    15    0.133            4000            3264             794          4.8840;
    16    0.142            4000            3698             903          2.2680;
    17    0.151            4000            4130            1018         -2.0391;
    18    0.159            4000            4524            1137         -4.8840;
    19    0.168            4000            4873            1250         -4.8840;
    20    0.177            4000            5203            1345         -4.8840;
    21    0.186            4000            5527            1419         -4.8840;
    22    0.195            4000            5832            1479         -4.8840;
    23    0.204            4000            6092            1534         -4.8840;
    24    0.213            4000            6300            1587         -4.8840;
    25    0.221            4000            6462            1636         -4.8840;
    26    0.230            4000            6593            1674         -4.8840;
    27    0.239            4000            6703            1701         -4.8840;
    28    0.248            4000            6788            1716         -4.8840;
    29    0.257            4000            6840            1726         -4.8840;
    30    0.266            4000            6855            1730         -4.8840;
    31    0.274            4000            6839            1731         -4.8840;
    32    0.283            4000            6795            1720         -4.8840;
    33    0.292            4000            6727            1701         -4.8840;
    34    0.301            4000            6629            1675         -4.8840;
    35    0.310            4000            6497            1643         -4.8840;
    36    0.319            4000            6333            1604         -4.8840;
    37    0.328            4000            6139            1557         -4.8840;
    38    0.336            4000            5916            1501         -4.8840;
    39    0.345            4000            5663            1436         -4.8840;
    40    0.354            4000            5381            1365         -4.8840;
    41    0.363            4000            5071            1288         -4.8840;
    42    0.372            4000            4729            1204         -4.8840;
    43    0.381            4000            4358            1112         -2.9451;
    44    0.390            4000            3979            1013          0.8559;
    45    0.398            4000            3628             909          4.3034;
    46    0.407            4000            3318             807          4.8840;
    47    0.416            4000            3037             717          4.8840;
    48    0.425            4000            2762             647          4.8840;
    49    0.434            4000            2495             594          4.8840;
    50    0.443            4000            2257             549          4.8840;
    51    0.452            4000            2067             507          4.8840;
    52    0.460            4000            1928             466          4.8840;
    53    0.469            4000            1830             431          4.8840;
    54    0.478            4000            1758             407          4.8840;
    55    0.487            4000            1706             397          4.8840;
    56    0.496            4000            1682             396          4.8840;
    57    0.505            4000            1692             402          4.8840;
    58    0.514            4000            1744             413          4.8840;
    59    0.522            4000            1830             430          4.8840;
    60    0.531            4000            1943             458          4.8840;
    61    0.540            4000            2082             495          4.8840;
    62    0.549            4000            2251             540          4.8840;
    63    0.558            4000            2452             591          4.8840;
    64    0.567            4000            2682             648          4.8840;
    65    0.576            4000            2938             711          4.8840;
    66    0.584            4000            3221             781          4.8840;
    67    0.593            4000            3532             859          4.1117;
    68    0.602            4000            3860             944          0.8205;
    69    0.611            4000            4178            1035         -2.3144;
    70    0.620            4000            4458            1126         -4.8840;
    71    0.629            4000            4702            1209         -4.8840;
    72    0.638            4000            4929            1274         -4.8840;
    73    0.646            4000            5145            1319         -4.8840;
    74    0.655            4000            5334            1353         -4.8840;
    75    0.664            4000            5481            1382         -4.8840;
    76    0.673            4000            5583            1411         -4.8840;
    77    0.682            4000            5647            1434         -4.8840;
    78    0.691            4000            5684            1447         -4.8840;
    79    0.699            4000            5697            1449         -4.8840;
    80    0.708            4000            5683            1442         -4.8840;
    81    0.717            4000            5631            1428         -4.8840;
    82    0.726            4000            5543            1408         -4.8840;
    83    0.735            4000            5427            1381         -4.8840;
    84    0.744            4000            5289            1344         -4.8840;
    85    0.753            4000            5124            1300         -4.8840;
    86    0.761            4000            4923            1251         -4.8840;
    87    0.770            4000            4687            1195         -4.8840;
    88    0.779            4000            4423            1130         -3.7637;
    89    0.788            4000            4141            1056         -0.9206;
    90    0.797            4000            3865             976          1.8065;
    91    0.806            4000            3619             896          4.2186;
    92    0.815            4000            3406             823          4.8840;
    93    0.823            4000            3214             764          4.8840;
    94    0.832            4000            3032             723          4.8840;
    95    0.841            4000            2872             695          4.8840;
    96    0.850            4000            2749             672          4.8840;
