%lab5q1

t=0:6000
x1=sin(100*t);
x2=sin(2000*t);
x3=sin(6000*t);